{
    "DronyBlur": {
        "form": 0.0,
        "trigger": 1.0,
        "label4": 0.0,
        "att_table": 1.0,
        "label44": 0.0,
        "sound": 5.0,
        "groupbox1": 0.0,
        "blurTime": 0.2199999988079071,
        "groupbox2": 0.0,
        "blurRate": 1.5099999904632568,
        "groupbox3": 0.0,
        "blurDepth": 0.6299999952316284,
        "verbLvl": 1.0,
        "masterLvl": 0.4599999785423279,
        "mix": 0.6800000071525574,
        "dur": 14.170000076293945,
        "speed": 0.0599999725818634,
        "label66": 0.0,
        "loop": 1.0,
        "filebutton32": 0.0,
        "filebutton33": 0.0
    },
    "explosive": {
        "form": 0.0,
        "trigger": 1.0,
        "label4": 0.0,
        "att_table": 2.0,
        "label44": 0.0,
        "sound": 1.0,
        "groupbox1": 0.0,
        "blurTime": 1.309999942779541,
        "groupbox2": 0.0,
        "blurRate": 0.9199999570846558,
        "groupbox3": 0.0,
        "blurDepth": 1.3899999856948853,
        "verbLvl": 1.0,
        "masterLvl": 0.4599999785423279,
        "mix": 0.5799999833106995,
        "dur": 14.170000076293945,
        "speed": 0.15999993681907654,
        "label66": 0.0,
        "loop": 1.0,
        "filebutton32": 0.0,
        "filebutton33": 0.0
    },
    "swishy": {
        "form": 0.0,
        "trigger": 1.0,
        "label4": 0.0,
        "att_table": 4.0,
        "label44": 0.0,
        "sound": 2.0,
        "groupbox1": 0.0,
        "blurTime": 0.3799999952316284,
        "groupbox2": 0.0,
        "blurRate": 0.4399999976158142,
        "groupbox3": 0.0,
        "blurDepth": 2.759999990463257,
        "verbLvl": 1.0,
        "masterLvl": 0.5999999642372131,
        "mix": 0.12999999523162842,
        "dur": 16.149999618530273,
        "speed": 0.6899998784065247,
        "label66": 0.0,
        "loop": 1.0,
        "filebutton32": 0.0,
        "filebutton33": 0.0
    },
    "groovy": {
        "form": 0.0,
        "trigger": 1.0,
        "label4": 0.0,
        "att_table": 5.0,
        "label44": 0.0,
        "sound": 6.0,
        "groupbox1": 0.0,
        "blurTime": 1.3299999237060547,
        "groupbox2": 0.0,
        "blurRate": 1.4199999570846558,
        "groupbox3": 0.0,
        "blurDepth": 1.1899999380111694,
        "verbLvl": 1.0,
        "masterLvl": 0.5999999642372131,
        "mix": 0.32999998331069946,
        "dur": 17.69999885559082,
        "speed": 1.0099999904632568,
        "label66": 0.0,
        "loop": 1.0,
        "filebutton32": 0.0,
        "filebutton33": 0.0
    },
    "dreamy": {
        "form": 0.0,
        "trigger": 0.0,
        "label4": 0.0,
        "att_table": 3.0,
        "label44": 0.0,
        "sound": 4.0,
        "groupbox1": 0.0,
        "blurTime": 0.8799999952316284,
        "groupbox2": 0.0,
        "blurRate": 0.5600000023841858,
        "groupbox3": 0.0,
        "blurDepth": 0.09999999403953552,
        "verbLvl": 0.8399999737739563,
        "masterLvl": 0.5999999642372131,
        "mix": 0.1899999976158142,
        "dur": 17.69999885559082,
        "speed": 0.15999993681907654,
        "label66": 0.0,
        "loop": 1.0,
        "filebutton32": 0.0,
        "filebutton33": 0.0
    },
    "sleepy": {
        "form": 0.0,
        "trigger": 1.0,
        "label4": 0.0,
        "att_table": 3.0,
        "label44": 0.0,
        "sound": 4.0,
        "groupbox1": 0.0,
        "blurTime": 1.7899999618530273,
        "groupbox2": 0.0,
        "blurRate": 0.009999999776482582,
        "groupbox3": 0.0,
        "blurDepth": 0.0,
        "verbLvl": 0.8399999737739563,
        "masterLvl": 0.5999999642372131,
        "mix": 0.17999999225139618,
        "dur": 17.69999885559082,
        "speed": 0.7699999213218689,
        "label66": 0.0,
        "loop": 1.0,
        "filebutton32": 0.0,
        "filebutton33": 0.0
    }
}